-763 | -758.8555153706379
-972 | -237.8751904231566
43 | -360.3681044853879
574 | -368.58587155775615
273 | -817.6585972602381
384 | -431.848031031318
-731 | -965.8365558903461
-154 | 742.7239864267301
-607 | 49.046247124460706
354 | 151.86488237996195
-676 | -821.480678550913
-738 | 934.5597771382402
-257 | -757.6756394802808
-428 | -898.8731278163333
758 | 40.12506094203036
-936 | 992.5112908168971
-827 | -977.1201951017267
713 | 190.73539471472236
-838 | 203.88524086793245
482 | 895.5112755493833
-636 | 136.2231664497815
565 | 369.8902543776744
-726 | 495.83692593400156
563 | -995.9002818704674
-475 | -544.1592514801297
